# Nota: C-Order, 1 refers to the Y axis, 2 to the X axis 
# Calibration done at Tue May 10 13:48:44 2022
poni_version: 2
Detector: Eiger500k
Detector_config: {}
Distance: 0.50668
Poni1: 0.02089981
Poni2: 0.077413
Rot1: -0.278333
Rot2: 0.00660641
Rot3: 2.647233580167256e-05
Wavelength: 1.535883535871171e-11
