# Nota: C-Order, 1 refers to the Y axis, 2 to the X axis 
# Calibration done at Tue Dec 14 12:24:06 2021
poni_version: 2
Detector: Pilatus200k
Detector_config: {}
Distance: 0.1750831075746598
Poni1: 0.030814030819613238
Poni2: 0.017841460807219846
Rot1: 0.14325312771794527
Rot2: -0.02954147985252272
Rot3: 1.5699999999983936
Wavelength: 1.2781876020248165e-10
