# Nota: C-Order, 1 refers to the Y axis, 2 to the X axis 
# Calibration done at Tue Dec 14 11:45:36 2021
poni_version: 2
Detector: Pilatus200k
Detector_config: {}
Distance: 0.19555382764892779
Poni1: 0.004916992556922151
Poni2: 0.009245104910434608
Rot1: -0.5690115396005342
Rot2: -0.013329533564863001
Rot3: -1.1601466509208586e-06
Wavelength: 1.2781876020248165e-10
